	BS0F1s_1	BS0F1s_2	BS0F1s_3	BS0F1s_4	BS0F2s_1	BS0F2s_2	BS0F2s_3	BS0F2s_4	BS1F1s_1	BS1F1s_2	BS1F1s_3	BS1F1s_4	BS1F2s_1	BS1F2s_2	BS1F2s_3	BS1F2s_4	DS0F1s_1	DS0F1s_2	DS0F1s_3	DS0F1s_4	DS0F2s_2	DS0F2s_3	DS0F2s_4	DS1F1s_1	DS1F1s_2	DS1F1s_3	DS1F1s_4	DS1F2s_1	DS1F2s_2	DS1F2s_3	DS1F2s_4	TS0F1s_1	TS0F1s_2	TS0F1s_3	TS0F1s_4	TS0F2s_1	TS0F2s_2	TS0F2s_3	TS0F2s_4	TS1F1s_1	TS1F1s_3	TS1F1s_4	TS1F2s_1	TS1F2s_2	TS1F2s_3	TS1F2s_4
BS0F1s_1	0.0	0.24868674168680271	0.26451823909186445	0.31250555483281256	0.20615886869054276	0.22868478568230663	0.3408048346858384	0.27121160273582867	0.241774052002284	0.22324621000352513	0.3111602546069233	0.24753791627597863	0.2934553211132484	0.17691933749247887	0.2465622476656244	0.34440526343994804	0.27856422774240913	0.27218761350280835	0.25915853491517615	0.27692408334052643	0.25773933197312104	0.2532462717257508	0.2704128854168022	0.28065207347581916	0.27825625546667654	0.3072201372438856	0.2794716089720118	0.2422438411014869	0.2266240025864415	0.2997933612836335	0.2786248001762837	0.24078790800914424	0.2712342070174895	0.2478202193737884	0.24418520490772286	0.2693669371119872	0.24881112108648307	0.2953334973512666	0.2814427431602028	0.2976532370676604	0.2318536828083756	0.246945399225246	0.1995045694121871	0.3642531934989349	0.2345845246407841	0.40971417450858444
BS0F1s_2	0.24868674168680271	0.0	0.2474917919949737	0.2433015055148197	0.1692488220493635	0.16474464486020066	0.30467917918860804	0.19696812667973634	0.2593254108684907	0.1862068158209921	0.27677888320034777	0.20562592377982636	0.255791296136617	0.18195490409185916	0.15913397124640016	0.28563831334619755	0.29635393338784966	0.18772316053588675	0.2712083723590579	0.23363070197021665	0.2800284104511828	0.30065034845614796	0.22258706383230745	0.2934433117807137	0.28474546655377064	0.24910799436369474	0.23982428646860657	0.2452640624049433	0.29377347119185987	0.20052026353704583	0.2318499426945644	0.25851165377750185	0.19085736010638962	0.28419775240823614	0.2385582070377071	0.29829547860173683	0.19739114676140745	0.21510208030661973	0.24436789615405038	0.3095644157910094	0.2520371389191349	0.2403792915523543	0.22918937966447991	0.3695394291208504	0.1881526800006373	0.3790941988610427
BS0F1s_3	0.26451823909186445	0.2474917919949737	0.0	0.28570289007774996	0.2630324570745654	0.18786817739562423	0.3651671699608742	0.2783266622601623	0.19005679655636115	0.2540795904109233	0.31063020170922845	0.21871540950485854	0.2652369302617568	0.2088613445274994	0.2542059846681396	0.31756674889902353	0.3124576605706657	0.2349642868759357	0.24062456037832106	0.2008493909829484	0.18164990205584292	0.2454843074872549	0.24400789197370687	0.26527402193018634	0.31331574124473277	0.319967553954941	0.25604739388180137	0.2794934221854004	0.3002729026445829	0.29807338283729207	0.26668298052014466	0.2521256340501186	0.26913259712214266	0.29266508269327074	0.2524240212883306	0.2662954983009638	0.2383252712672425	0.2529572094912932	0.30931264649339635	0.306517482794173	0.2352038700566788	0.24030744330802245	0.23742619859003147	0.37731556420134993	0.2524194141047949	0.37198370645869877
BS0F1s_4	0.31250555483281256	0.2433015055148197	0.28570289007774996	0.0	0.27018261434081076	0.2408606980054227	0.35990863261489103	0.22964271449774018	0.26785281252295756	0.24806978152392875	0.30957541693483037	0.20039989317641127	0.21285625222856436	0.23770436983258733	0.22302013291322104	0.3105937792636456	0.3572769947331324	0.2456805609315739	0.289428987167987	0.22349135855301477	0.27220768960102065	0.29545764568622274	0.18969256503398046	0.3077474458976577	0.3171870716469991	0.30109393190357675	0.2847531120005894	0.28217635721101797	0.30970243967768707	0.28404721988127823	0.2624947756280489	0.26861762313577087	0.2937190144353605	0.3115230482712992	0.24666122585678626	0.3242816210305334	0.2322294625901241	0.25357494916387335	0.2714624530290506	0.3634963369492886	0.2660842678295599	0.30787323416841694	0.25533717887379476	0.4026952202445924	0.24615567774795763	0.358116412238408
BS0F2s_1	0.20615886869054276	0.1692488220493635	0.2630324570745654	0.27018261434081076	0.0	0.2037031773419986	0.35257503678346047	0.21172334732177536	0.2277726829317698	0.21999236153541898	0.2638742429874768	0.21598956364445712	0.27269622286875356	0.16977737434980048	0.19651287542365536	0.3053043809147287	0.29352649908562406	0.18942391466075714	0.26455926954853426	0.26925058061111107	0.2635615345424157	0.2515222382760545	0.22269787250585213	0.22480865945432787	0.2701617879573747	0.28554232057534373	0.24361996715977124	0.20975482692900677	0.1969329941323484	0.23145639918055913	0.2491594608287646	0.20662762308585095	0.19455774349721114	0.28989332372889376	0.1827009153197245	0.23938865446607088	0.19578440690083426	0.2299374903503389	0.25613063782146644	0.23992036178532236	0.18105868660594987	0.20541146301016444	0.20199322188936408	0.33516169956128966	0.19546867728634246	0.38477961617243284
BS0F2s_2	0.22868478568230663	0.16474464486020066	0.18786817739562423	0.2408606980054227	0.2037031773419986	0.0	0.29241417931957214	0.22598944873938026	0.21896258646894734	0.20360833053972557	0.2720784635096016	0.19254129460384528	0.2408429750089596	0.17365849079189222	0.1790114336859338	0.3102649313246099	0.30796170082918134	0.20187286801216806	0.24407105761191075	0.21214909571441926	0.20394353968571682	0.25983268647942603	0.21203910594580988	0.2714493581960647	0.29739599857021604	0.2646554144985933	0.2537462423959562	0.2589333372305029	0.288706574260579	0.2379251616803167	0.2564860545760298	0.24588420161181423	0.22102913946206626	0.27290995655496203	0.2414027810790483	0.24020242931025138	0.19487232832599571	0.22188415397963757	0.2655854431130593	0.2970417809258961	0.24245216629058336	0.22831316977504273	0.21998766548385232	0.3638223235658278	0.20792699516249757	0.3687754315325361
BS0F2s_3	0.3408048346858384	0.30467917918860804	0.3651671699608742	0.35990863261489103	0.35257503678346047	0.29241417931957214	0.0	0.3637314145558632	0.3727399417805059	0.3049967547250284	0.4170817989346381	0.3512105917296056	0.3952443886697562	0.32742080019581615	0.29203847700196345	0.416764686110507	0.4135959911581525	0.3723068252349842	0.4052770258197221	0.34963261194884343	0.38784719342928836	0.41258342788175184	0.3642599126807994	0.4164647716174795	0.42924297137715783	0.2089113399256886	0.3848515311961593	0.37942700690313497	0.4228859577797674	0.3703956326966076	0.37558533436929986	0.4046068447998381	0.38206262608539526	0.40016729085995506	0.3892472374129022	0.425066223958575	0.3593653132314366	0.3650314816130647	0.35412271868503487	0.44235216205144035	0.40251622009249316	0.3887559136338027	0.38530942479983493	0.5078305781204304	0.35446792237984964	0.489933566843947
BS0F2s_4	0.27121160273582867	0.19696812667973634	0.2783266622601623	0.22964271449774018	0.21172334732177536	0.22598944873938026	0.3637314145558632	0.0	0.2396967137839393	0.24244355720409014	0.31326046177654276	0.1728136507965107	0.2736605343807375	0.19778197166116462	0.19463140369934856	0.26448498141026644	0.322974750522925	0.16803659419822456	0.2646405460569798	0.24286535194552175	0.29041099190904723	0.2994683396025295	0.17125781420907069	0.300242042497749	0.25530205371236814	0.2991200774212906	0.2119277314053305	0.26478482331036574	0.2545503216634394	0.2249761207000182	0.2521809245320647	0.25646573642060333	0.2084731209121639	0.27297832183096987	0.2402622543914812	0.29267570037784296	0.2146057523051283	0.19048405006610386	0.1690377263286257	0.3242624869734963	0.23541805934688917	0.2692074034307526	0.19610055350264935	0.3349947519812801	0.17711405499548824	0.3341227310594087
BS1F1s_1	0.241774052002284	0.2593254108684907	0.19005679655636115	0.26785281252295756	0.2277726829317698	0.21896258646894734	0.3727399417805059	0.2396967137839393	0.0	0.23460323720689819	0.23643907340366974	0.19822043821176444	0.22813840489369583	0.20602947140811584	0.25973374112050984	0.321034015885825	0.31508609984747704	0.23677543983100605	0.25197935598916205	0.21666969059347765	0.1921942623312735	0.22591556293770845	0.21558630812139518	0.19879379048408305	0.3134469593439376	0.32709582524091557	0.25188233811928373	0.2664178224805354	0.2413762700954659	0.3020562604960459	0.28312538782470065	0.20225798667766173	0.26556444453018363	0.27718148911553364	0.22029133846957605	0.24566901638563018	0.23145361985160554	0.2727764755612502	0.30124398760636023	0.2614300632886433	0.1925130705831081	0.21010248136360318	0.21776657537814337	0.3617114874408898	0.26292574600810004	0.38702998794656945
BS1F1s_2	0.22324621000352513	0.1862068158209921	0.2540795904109233	0.24806978152392875	0.21999236153541898	0.20360833053972557	0.3049967547250284	0.24244355720409014	0.23460323720689819	0.0	0.23579480403792077	0.21372078081790802	0.23050495683509845	0.20330682104682754	0.21056773918854918	0.2927050409766421	0.3003111357806972	0.24253846327244655	0.28631476053545535	0.24239895403547482	0.2586043692422491	0.2794744176260885	0.21321127672319187	0.2515534470513239	0.29390388720370864	0.2573675274253483	0.28239182759046083	0.25740301374008384	0.3029027581182465	0.28483784022254	0.23988716312966213	0.23804752473550886	0.28382998371130375	0.28184171111152767	0.2752803057236634	0.2971244973742989	0.21207510835377183	0.2615217257502957	0.2585828589396667	0.30467993747125216	0.2704810638185149	0.26092198602399524	0.24854149498040512	0.3690614861112325	0.2377790600081481	0.37402697278771657
BS1F1s_3	0.3111602546069233	0.27677888320034777	0.31063020170922845	0.30957541693483037	0.2638742429874768	0.2720784635096016	0.4170817989346381	0.31326046177654276	0.23643907340366974	0.23579480403792077	0.0	0.2757854025132636	0.2207352742433326	0.28491561668106663	0.31115348228600614	0.3058356002073635	0.37610874191166516	0.29756608816132774	0.37440006462619135	0.31170003003999214	0.284695949866248	0.3053342341867584	0.2597382200801529	0.2637880912520467	0.36819529300881754	0.3850100768519468	0.36725163635607894	0.28925683486440934	0.320825708874313	0.3393191754869202	0.3158957890590761	0.23201471217861278	0.318401996352107	0.3781323610368654	0.30171628706877657	0.2964015214310619	0.2459829651091384	0.32154008816390156	0.346115691896437	0.25597442015397814	0.30146897969757697	0.2519120522460264	0.2970438960264923	0.3476939497447453	0.33036544921701905	0.3608535228786327
BS1F1s_4	0.24753791627597863	0.20562592377982636	0.21871540950485854	0.20039989317641127	0.21598956364445712	0.19254129460384528	0.3512105917296056	0.1728136507965107	0.19822043821176444	0.21372078081790802	0.2757854025132636	0.0	0.205927770347011	0.16145603818080007	0.17068730562797427	0.2497986627361746	0.31466530515308044	0.16935978071305788	0.2299740846219116	0.18575866099017058	0.24173993942315533	0.23346502050326826	0.12993320187450433	0.26224237869837946	0.24897537866465733	0.28987976416112726	0.1980297601090276	0.23561790632601634	0.22825473818509176	0.24168217839927722	0.24267435311273244	0.21743528582620542	0.21847252161248812	0.2528679233876351	0.17998163688277352	0.2533838534495453	0.1723282691654547	0.18020512196398483	0.2195996009549997	0.29283296260295116	0.19022481056953297	0.21963307990509337	0.18522220033804843	0.34297174512279616	0.18550038876990485	0.31545438222102795
BS1F2s_1	0.2934553211132484	0.255791296136617	0.2652369302617568	0.21285625222856436	0.27269622286875356	0.2408429750089596	0.3952443886697562	0.2736605343807375	0.22813840489369583	0.23050495683509845	0.2207352742433326	0.205927770347011	0.0	0.25158891517931276	0.2669674473684303	0.27199263147889835	0.33886197520141476	0.2451545743066619	0.2961908284619599	0.2560154438523792	0.2581648674712511	0.26374766054307147	0.21769264843665154	0.2687412683267479	0.3078152382926111	0.35894793102673894	0.31467830986175127	0.2565694543647729	0.30468060981111933	0.3049579897444244	0.2893553287656654	0.21337509700060725	0.27769405010821197	0.3302214187496064	0.2691109108307778	0.263729951980276	0.2016656949059897	0.24635381448402882	0.3226922230294213	0.2868294607969889	0.28707473569630615	0.24901312667903086	0.26527510296514323	0.3561712021009116	0.28129957950635504	0.3169697346507437
BS1F2s_2	0.17691933749247887	0.18195490409185916	0.2088613445274994	0.23770436983258733	0.16977737434980048	0.17365849079189222	0.32742080019581615	0.19778197166116462	0.20602947140811584	0.20330682104682754	0.28491561668106663	0.16145603818080007	0.25158891517931276	0.0	0.17220593155266087	0.29631538454056133	0.27768238862030503	0.19694742596798168	0.22174538283927733	0.21810049137938123	0.2277234921367128	0.22963662857194406	0.19152756091168827	0.24160374410587185	0.22838834817994969	0.27129043492236327	0.2235872250560326	0.2104663086503571	0.1948809249736667	0.23691926518529352	0.22433178032935142	0.20373894200215995	0.21791981404565378	0.25082175692110004	0.20147853143174632	0.2534195949337529	0.18097495822380194	0.2356903166530095	0.2230399317440145	0.27746513521838784	0.16845817596061935	0.20537100014837043	0.14223119373120863	0.3320351284900573	0.16644006267314118	0.3664034481098359
BS1F2s_3	0.2465622476656244	0.15913397124640016	0.2542059846681396	0.22302013291322104	0.19651287542365536	0.1790114336859338	0.29203847700196345	0.19463140369934856	0.25973374112050984	0.21056773918854918	0.31115348228600614	0.17068730562797427	0.2669674473684303	0.17220593155266087	0.0	0.2746076045600223	0.30407887769155045	0.19487098581883844	0.2414746768681603	0.2158268156947011	0.2892044874880345	0.28108477266969195	0.20081083095006166	0.30406267373675905	0.26467359748863234	0.23226740394440684	0.2244132719231032	0.22853004244830707	0.2603031438447635	0.20743683412758862	0.23887934826835747	0.25824134645656205	0.22212374670476295	0.27632618482904275	0.21834645851842752	0.29169754018660976	0.19514050347330086	0.20577142607609378	0.23889621193911822	0.31672861755845294	0.2364491104295892	0.24082576361431096	0.21691624364605133	0.36411957794710265	0.17004402358579948	0.3603759154703206
BS1F2s_4	0.34440526343994804	0.28563831334619755	0.31756674889902353	0.3105937792636456	0.3053043809147287	0.3102649313246099	0.416764686110507	0.26448498141026644	0.321034015885825	0.2927050409766421	0.3058356002073635	0.2497986627361746	0.27199263147889835	0.29631538454056133	0.2746076045600223	0.0	0.3498498593977235	0.24047466062039027	0.3128835547090583	0.27297396635845633	0.33993519377755377	0.30530068773146435	0.258256918270568	0.33780693087021274	0.29505631260316645	0.35268228965014287	0.2770778186280383	0.2597723135217101	0.31396962650559695	0.27877937888721904	0.27513881213693775	0.28676142943268207	0.2688986948537585	0.35144409903151086	0.26402580727784025	0.3196305212242463	0.2576216123345145	0.21457884783425982	0.3029397824734743	0.32059728258925835	0.30776463170139823	0.28435760944230165	0.2982416791421856	0.2859491865585269	0.28916838602290956	0.23125721571257166
DS0F1s_1	0.27856422774240913	0.29635393338784966	0.3124576605706657	0.3572769947331324	0.29352649908562406	0.30796170082918134	0.4135959911581525	0.322974750522925	0.31508609984747704	0.3003111357806972	0.37610874191166516	0.31466530515308044	0.33886197520141476	0.27768238862030503	0.30407887769155045	0.3498498593977235	0.0	0.3003377688401704	0.2770044498947001	0.29505531762275194	0.3203545039644761	0.2958013944064022	0.30630746006384274	0.31668007063214954	0.3034458981464228	0.3257958439857322	0.30555553061293983	0.2905799376443904	0.3016126983123818	0.32718464737123226	0.2512033526257613	0.30686436929156075	0.3122668507519235	0.2885426702643752	0.27568016107457854	0.3502149382063102	0.3130152223766214	0.33014494616055395	0.3340782153625568	0.35749503777221003	0.3032983131490521	0.32831059448069344	0.28453801849486743	0.3793401555235123	0.2828247565475984	0.41281708234104303
DS0F1s_2	0.27218761350280835	0.18772316053588675	0.2349642868759357	0.2456805609315739	0.18942391466075714	0.20187286801216806	0.3723068252349842	0.16803659419822456	0.23677543983100605	0.24253846327244655	0.29756608816132774	0.16935978071305788	0.2451545743066619	0.19694742596798168	0.19487098581883844	0.24047466062039027	0.3003377688401704	0.0	0.21528224215485567	0.21894564301583888	0.24656632567796125	0.23875705740702904	0.17579458179240914	0.26212127131346313	0.23249325562439513	0.2886852275899944	0.21685061933325392	0.22732858191417143	0.22888160737456686	0.20058053691919508	0.23643928015565863	0.18985959276809053	0.1538039862716164	0.27154089327718056	0.1898939990128476	0.2403965029021085	0.17203104109212253	0.17370070737499982	0.24117661320344527	0.2835783423401726	0.19856598379236426	0.20123678708123222	0.20775019047516746	0.3008577949791807	0.1997276901001838	0.3077706671726767
DS0F1s_3	0.25915853491517615	0.2712083723590579	0.24062456037832106	0.289428987167987	0.26455926954853426	0.24407105761191075	0.4052770258197221	0.2646405460569798	0.25197935598916205	0.28631476053545535	0.37440006462619135	0.2299740846219116	0.2961908284619599	0.22174538283927733	0.2414746768681603	0.3128835547090583	0.2770044498947001	0.21528224215485567	0.0	0.2167949471951894	0.25830772545780556	0.20690641927893172	0.24371775927605027	0.2848386067706469	0.26021912480610193	0.3180776306350246	0.2163888922227049	0.24529808954656349	0.2683466061575398	0.2821317979059809	0.2418394026660122	0.2630063950008572	0.2626840109797028	0.2710898510368301	0.2266869833041428	0.2727676239576352	0.2540584747421971	0.25327719304355173	0.31291405736611505	0.3298639661984348	0.21452178314914533	0.25037102334889805	0.2129782951687503	0.36230339155716396	0.22534285717914201	0.36677026011042246
DS0F1s_4	0.27692408334052643	0.23363070197021665	0.2008493909829484	0.22349135855301477	0.26925058061111107	0.21214909571441926	0.34963261194884343	0.24286535194552175	0.21666969059347765	0.24239895403547482	0.31170003003999214	0.18575866099017058	0.2560154438523792	0.21810049137938123	0.2158268156947011	0.27297396635845633	0.29505531762275194	0.21894564301583888	0.2167949471951894	0.0	0.23534208005424798	0.23545882522904577	0.19219574330604255	0.2805242465904523	0.29350855234906326	0.2751021476244662	0.2008129605738505	0.2691469805775874	0.2859905388178958	0.233773689153783	0.24038946909594544	0.27108897770412776	0.2681783890915054	0.2600851484577959	0.2029902320641931	0.29133158212990745	0.24201174019186533	0.22710071523524583	0.28585784187531216	0.34243142252095266	0.246433288395256	0.2652452602794527	0.23445165635298784	0.3796106578060008	0.2337905783933232	0.35356646905391775
DS0F2s_2	0.25773933197312104	0.2800284104511828	0.18164990205584292	0.27220768960102065	0.2635615345424157	0.20394353968571682	0.38784719342928836	0.29041099190904723	0.1921942623312735	0.2586043692422491	0.284695949866248	0.24173993942315533	0.2581648674712511	0.2277234921367128	0.2892044874880345	0.33993519377755377	0.3203545039644761	0.24656632567796125	0.25830772545780556	0.23534208005424798	0.0	0.2356156175687624	0.24082386915571471	0.25182722399668067	0.33051669938582856	0.34086422242226	0.2906892008081114	0.29783427418847735	0.28302532865052754	0.3059320435385605	0.2889640725444219	0.22771589939255388	0.28743374881905603	0.286626995964588	0.25942867315087176	0.2552837462149427	0.23308141307659466	0.27499315545746916	0.31941074081459525	0.32063457615866664	0.23470449853419464	0.24368964805463253	0.23476370758616338	0.37203232100436434	0.2721859246516256	0.3775306314727097
DS0F2s_3	0.2532462717257508	0.30065034845614796	0.2454843074872549	0.29545764568622274	0.2515222382760545	0.25983268647942603	0.41258342788175184	0.2994683396025295	0.22591556293770845	0.2794744176260885	0.3053342341867584	0.23346502050326826	0.26374766054307147	0.22963662857194406	0.28108477266969195	0.30530068773146435	0.2958013944064022	0.23875705740702904	0.20690641927893172	0.23545882522904577	0.2356156175687624	0.0	0.24065575412483622	0.23354753910400441	0.29703356840202644	0.3459487505488793	0.28277221482112735	0.2566059450566478	0.23536812341014882	0.271842425335082	0.2720437081406171	0.2280563132573774	0.2722362873827085	0.2941209331267995	0.20927071251572768	0.24848517492760017	0.22527244414006986	0.2502669603101107	0.34225267730561854	0.2818379546643209	0.20997865322307277	0.21352662856693985	0.2325409648305193	0.32797057677482944	0.2819513860645255	0.3392219575781572
DS0F2s_4	0.2704128854168022	0.22258706383230745	0.24400789197370687	0.18969256503398046	0.22269787250585213	0.21203910594580988	0.3642599126807994	0.17125781420907069	0.21558630812139518	0.21321127672319187	0.2597382200801529	0.12993320187450433	0.21769264843665154	0.19152756091168827	0.20081083095006166	0.258256918270568	0.30630746006384274	0.17579458179240914	0.24371775927605027	0.19219574330604255	0.24082386915571471	0.24065575412483622	0.0	0.25321534308538735	0.2556513033640757	0.2872726454544202	0.21802556396112305	0.23368093483855554	0.24037155404234503	0.24171339048069224	0.2355790875689946	0.20613698467737185	0.23338656505758412	0.2689302089288744	0.18389262574827667	0.2625375740779957	0.17711294883945486	0.2141566767956662	0.22547926270706903	0.2931627326777323	0.20448373962230365	0.25449682774833765	0.1930696572292815	0.3419874909819911	0.20721012813852255	0.29613227275934617
DS1F1s_1	0.28065207347581916	0.2934433117807137	0.26527402193018634	0.3077474458976577	0.22480865945432787	0.2714493581960647	0.4164647716174795	0.300242042497749	0.19879379048408305	0.2515534470513239	0.2637880912520467	0.26224237869837946	0.2687412683267479	0.24160374410587185	0.30406267373675905	0.33780693087021274	0.31668007063214954	0.26212127131346313	0.2848386067706469	0.2805242465904523	0.25182722399668067	0.23354753910400441	0.25321534308538735	0.0	0.30403781521830586	0.35058233245065873	0.30978508672978305	0.2504871442029025	0.2300594875501299	0.32450342506321495	0.29319568184065364	0.2251523051996389	0.29056584448782014	0.3365396430162217	0.23243326112021673	0.25429912009934796	0.26073418825427946	0.30930799313481216	0.3509076110432917	0.24639311176270842	0.21547932637195596	0.22754954312949888	0.24683636648575563	0.32952264605611875	0.30889744765233723	0.3871689348402272
DS1F1s_2	0.27825625546667654	0.28474546655377064	0.31331574124473277	0.3171870716469991	0.2701617879573747	0.29739599857021604	0.42924297137715783	0.25530205371236814	0.3134469593439376	0.29390388720370864	0.36819529300881754	0.24897537866465733	0.3078152382926111	0.22838834817994969	0.26467359748863234	0.29505631260316645	0.3034458981464228	0.23249325562439513	0.26021912480610193	0.29350855234906326	0.33051669938582856	0.29703356840202644	0.2556513033640757	0.30403781521830586	0.0	0.33199024254346615	0.2643830545359183	0.23260577129471088	0.2274359514100478	0.291071045502228	0.28098656198912914	0.2643868845763604	0.2510887936595646	0.32714448706335897	0.23665102505373498	0.28007453373838903	0.2435138757508221	0.2749759462348191	0.3053678020162585	0.3304666210692792	0.24958110127500346	0.2782176321837169	0.22391750810290162	0.3106541411183531	0.2551093003265868	0.34630145616711533
DS1F1s_3	0.3072201372438856	0.24910799436369474	0.319967553954941	0.30109393190357675	0.28554232057534373	0.2646554144985933	0.2089113399256886	0.2991200774212906	0.32709582524091557	0.2573675274253483	0.3850100768519468	0.28987976416112726	0.35894793102673894	0.27129043492236327	0.23226740394440684	0.35268228965014287	0.3257958439857322	0.2886852275899944	0.3180776306350246	0.2751021476244662	0.34086422242226	0.3459487505488793	0.2872726454544202	0.35058233245065873	0.33199024254346615	0.0	0.29713907099587256	0.30544071773081344	0.3394295208610925	0.2886577353664757	0.2786546721019444	0.34522704853853736	0.30457622957838676	0.31528755308757417	0.2866500461883359	0.3856008211659664	0.29728421382901166	0.31332643231716667	0.283333758391783	0.39255403294168423	0.3148396207444176	0.33292408603377344	0.3049437956459784	0.4352957342315761	0.2742924683215531	0.4391131028429286
DS1F1s_4	0.2794716089720118	0.23982428646860657	0.25604739388180137	0.2847531120005894	0.24361996715977124	0.2537462423959562	0.3848515311961593	0.2119277314053305	0.25188233811928373	0.28239182759046083	0.36725163635607894	0.1980297601090276	0.31467830986175127	0.2235872250560326	0.2244132719231032	0.2770778186280383	0.30555553061293983	0.21685061933325392	0.2163888922227049	0.2008129605738505	0.2906892008081114	0.28277221482112735	0.21802556396112305	0.30978508672978305	0.2643830545359183	0.29713907099587256	0.0	0.2614756011353858	0.27750516436429434	0.25723388421040966	0.24653236854481686	0.29329530398293174	0.23585716211180413	0.2862217105038991	0.21659761091677432	0.3256607173080129	0.2508877195479715	0.2121256292612788	0.26193521034419104	0.3491020104056776	0.23103588299113942	0.266615665317562	0.23722643937173749	0.3501640693668394	0.20906002967264783	0.3451254389912406
DS1F2s_1	0.2422438411014869	0.2452640624049433	0.2794934221854004	0.28217635721101797	0.20975482692900677	0.2589333372305029	0.37942700690313497	0.26478482331036574	0.2664178224805354	0.25740301374008384	0.28925683486440934	0.23561790632601634	0.2565694543647729	0.2104663086503571	0.22853004244830707	0.2597723135217101	0.2905799376443904	0.22732858191417143	0.24529808954656349	0.2691469805775874	0.29783427418847735	0.2566059450566478	0.23368093483855554	0.2504871442029025	0.23260577129471088	0.30544071773081344	0.2614756011353858	0.0	0.21005877607724258	0.2758369362288409	0.25216758813139295	0.21000965214798112	0.2212488906861035	0.30501791089921665	0.20343180148798487	0.25884328517006977	0.2072390633744657	0.25509011404447307	0.28991201429820757	0.25329477991415256	0.22308892194731153	0.220615084788216	0.2143890311527379	0.29410026738251877	0.2413047492634992	0.3235979891403956
DS1F2s_2	0.2266240025864415	0.29377347119185987	0.3002729026445829	0.30970243967768707	0.1969329941323484	0.288706574260579	0.4228859577797674	0.2545503216634394	0.2413762700954659	0.3029027581182465	0.320825708874313	0.22825473818509176	0.30468060981111933	0.1948809249736667	0.2603031438447635	0.31396962650559695	0.3016126983123818	0.22888160737456686	0.2683466061575398	0.2859905388178958	0.28302532865052754	0.23536812341014882	0.24037155404234503	0.2300594875501299	0.2274359514100478	0.3394295208610925	0.27750516436429434	0.21005877607724258	0.0	0.2899664096712884	0.29233372355665505	0.20073822357233753	0.24887124663532406	0.3037556106417408	0.16545121923733858	0.2329747957880607	0.2309708988227535	0.28204573891997536	0.2888318542638789	0.2179387671056007	0.17349358924098435	0.21489914838002588	0.1731091476177203	0.3036265025307535	0.24734985114744062	0.3548632904376634
DS1F2s_3	0.2997933612836335	0.20052026353704583	0.29807338283729207	0.28404721988127823	0.23145639918055913	0.2379251616803167	0.3703956326966076	0.2249761207000182	0.3020562604960459	0.28483784022254	0.3393191754869202	0.24168217839927722	0.3049579897444244	0.23691926518529352	0.20743683412758862	0.27877937888721904	0.32718464737123226	0.20058053691919508	0.2821317979059809	0.233773689153783	0.3059320435385605	0.271842425335082	0.24171339048069224	0.32450342506321495	0.291071045502228	0.2886577353664757	0.25723388421040966	0.2758369362288409	0.2899664096712884	0.0	0.28105096820703557	0.28141500103984435	0.1757718737967538	0.3158171898302243	0.23568850914194636	0.30745040148524233	0.23168510364314746	0.20150738882726546	0.30119089473409943	0.3359318999067191	0.26544178368377175	0.26164036692991705	0.2513544251478107	0.34000891510284087	0.24060823679970125	0.3527450149142363
DS1F2s_4	0.2786248001762837	0.2318499426945644	0.26668298052014466	0.2624947756280489	0.2491594608287646	0.2564860545760298	0.37558533436929986	0.2521809245320647	0.28312538782470065	0.23988716312966213	0.3158957890590761	0.24267435311273244	0.2893553287656654	0.22433178032935142	0.23887934826835747	0.27513881213693775	0.2512033526257613	0.23643928015565863	0.2418394026660122	0.24038946909594544	0.2889640725444219	0.2720437081406171	0.2355790875689946	0.29319568184065364	0.28098656198912914	0.2786546721019444	0.24653236854481686	0.25216758813139295	0.29233372355665505	0.28105096820703557	0.0	0.28527127177973083	0.2787514511442559	0.26131875734917454	0.2374681466888993	0.3314007672023795	0.24892793656211729	0.25978878524147847	0.26333693130946034	0.34103987969398203	0.25241062526549823	0.2686986442619906	0.23513148090339275	0.36542639183573977	0.2152003495045297	0.35459628041453334
TS0F1s_1	0.24078790800914424	0.25851165377750185	0.2521256340501186	0.26861762313577087	0.20662762308585095	0.24588420161181423	0.4046068447998381	0.25646573642060333	0.20225798667766173	0.23804752473550886	0.23201471217861278	0.21743528582620542	0.21337509700060725	0.20373894200215995	0.25824134645656205	0.28676142943268207	0.30686436929156075	0.18985959276809053	0.2630063950008572	0.27108897770412776	0.22771589939255388	0.2280563132573774	0.20613698467737185	0.2251523051996389	0.2643868845763604	0.34522704853853736	0.29329530398293174	0.21000965214798112	0.20073822357233753	0.28141500103984435	0.28527127177973083	0.0	0.2112934083439537	0.30534580128394595	0.19588673825046243	0.16527015399706277	0.18397337808170727	0.239394347262626	0.3069448882811309	0.18022856596529677	0.1736769979035191	0.18090124238247898	0.20852045769390615	0.268042537531905	0.2541304409283435	0.3161003747398012
TS0F1s_2	0.2712342070174895	0.19085736010638962	0.26913259712214266	0.2937190144353605	0.19455774349721114	0.22102913946206626	0.38206262608539526	0.2084731209121639	0.26556444453018363	0.28382998371130375	0.318401996352107	0.21847252161248812	0.27769405010821197	0.21791981404565378	0.22212374670476295	0.2688986948537585	0.3122668507519235	0.1538039862716164	0.2626840109797028	0.2681783890915054	0.28743374881905603	0.2722362873827085	0.23338656505758412	0.29056584448782014	0.2510887936595646	0.30457622957838676	0.23585716211180413	0.2212488906861035	0.24887124663532406	0.1757718737967538	0.2787514511442559	0.2112934083439537	0.0	0.30721452351095807	0.2047935520672436	0.2501133615655469	0.1989405010980956	0.18838607779164943	0.26279272435937906	0.26769810062276017	0.22243840168712842	0.21675407310043657	0.22014747173461605	0.2949465435799074	0.21431004959718278	0.335780365676868
TS0F1s_3	0.2478202193737884	0.28419775240823614	0.29266508269327074	0.3115230482712992	0.28989332372889376	0.27290995655496203	0.40016729085995506	0.27297832183096987	0.27718148911553364	0.28184171111152767	0.3781323610368654	0.2528679233876351	0.3302214187496064	0.25082175692110004	0.27632618482904275	0.35144409903151086	0.2885426702643752	0.27154089327718056	0.2710898510368301	0.2600851484577959	0.286626995964588	0.2941209331267995	0.2689302089288744	0.3365396430162217	0.32714448706335897	0.31528755308757417	0.2862217105038991	0.30501791089921665	0.3037556106417408	0.3158171898302243	0.26131875734917454	0.30534580128394595	0.30721452351095807	0.0	0.27180747965763347	0.33587496812986906	0.2672102088639703	0.2922458758575159	0.2886567780265745	0.38325071739862865	0.27124854994523656	0.30665348627006284	0.24714525240848048	0.42199741997718404	0.2503110173596437	0.42461551838289835
TS0F1s_4	0.24418520490772286	0.2385582070377071	0.2524240212883306	0.24666122585678626	0.1827009153197245	0.2414027810790483	0.3892472374129022	0.2402622543914812	0.22029133846957605	0.2752803057236634	0.30171628706877657	0.17998163688277352	0.2691109108307778	0.20147853143174632	0.21834645851842752	0.26402580727784025	0.27568016107457854	0.1898939990128476	0.2266869833041428	0.2029902320641931	0.25942867315087176	0.20927071251572768	0.18389262574827667	0.23243326112021673	0.23665102505373498	0.2866500461883359	0.21659761091677432	0.20343180148798487	0.16545121923733858	0.23568850914194636	0.2374681466888993	0.19588673825046243	0.2047935520672436	0.27180747965763347	0.0	0.23303749354260303	0.204187099124512	0.21360170627282868	0.27196468918985567	0.2563399638279073	0.17337771796518736	0.20202389755417635	0.18188684173012196	0.3139555934759468	0.21988413295684195	0.3308774747401967
TS0F2s_1	0.2693669371119872	0.29829547860173683	0.2662954983009638	0.3242816210305334	0.23938865446607088	0.24020242931025138	0.425066223958575	0.29267570037784296	0.24566901638563018	0.2971244973742989	0.2964015214310619	0.2533838534495453	0.263729951980276	0.2534195949337529	0.29169754018660976	0.3196305212242463	0.3502149382063102	0.2403965029021085	0.2727676239576352	0.29133158212990745	0.2552837462149427	0.24848517492760017	0.2625375740779957	0.25429912009934796	0.28007453373838903	0.3856008211659664	0.3256607173080129	0.25884328517006977	0.2329747957880607	0.30745040148524233	0.3314007672023795	0.16527015399706277	0.2501133615655469	0.33587496812986906	0.23303749354260303	0.0	0.23171505766612868	0.26394615470404964	0.3420120018700238	0.21325586401223298	0.22081074122709704	0.21486332619006798	0.23708668037481104	0.29662630462406014	0.2843560856142905	0.33662783696552173
TS0F2s_2	0.24881112108648307	0.19739114676140745	0.2383252712672425	0.2322294625901241	0.19578440690083426	0.19487232832599571	0.3593653132314366	0.2146057523051283	0.23145361985160554	0.21207510835377183	0.2459829651091384	0.1723282691654547	0.2016656949059897	0.18097495822380194	0.19514050347330086	0.2576216123345145	0.3130152223766214	0.17203104109212253	0.2540584747421971	0.24201174019186533	0.23308141307659466	0.22527244414006986	0.17711294883945486	0.26073418825427946	0.2435138757508221	0.29728421382901166	0.2508877195479715	0.2072390633744657	0.2309708988227535	0.23168510364314746	0.24892793656211729	0.18397337808170727	0.1989405010980956	0.2672102088639703	0.204187099124512	0.23171505766612868	0.0	0.19093726593812846	0.24062371198198973	0.25060916555460805	0.20322283764104151	0.1773289709579651	0.18965717144692779	0.29058032622351687	0.19628343620040692	0.27527479452185877
TS0F2s_3	0.2953334973512666	0.21510208030661973	0.2529572094912932	0.25357494916387335	0.2299374903503389	0.22188415397963757	0.3650314816130647	0.19048405006610386	0.2727764755612502	0.2615217257502957	0.32154008816390156	0.18020512196398483	0.24635381448402882	0.2356903166530095	0.20577142607609378	0.21457884783425982	0.33014494616055395	0.17370070737499982	0.25327719304355173	0.22710071523524583	0.27499315545746916	0.2502669603101107	0.2141566767956662	0.30930799313481216	0.2749759462348191	0.31332643231716667	0.2121256292612788	0.25509011404447307	0.28204573891997536	0.20150738882726546	0.25978878524147847	0.239394347262626	0.18838607779164943	0.2922458758575159	0.21360170627282868	0.26394615470404964	0.19093726593812846	0.0	0.25452562930066075	0.29660008684913025	0.2376772733771281	0.22376209003822925	0.23742031094646904	0.30748447712715055	0.19665175330402884	0.2682025836141127
TS0F2s_4	0.2814427431602028	0.24436789615405038	0.30931264649339635	0.2714624530290506	0.25613063782146644	0.2655854431130593	0.35412271868503487	0.1690377263286257	0.30124398760636023	0.2585828589396667	0.346115691896437	0.2195996009549997	0.3226922230294213	0.2230399317440145	0.23889621193911822	0.3029397824734743	0.3340782153625568	0.24117661320344527	0.31291405736611505	0.28585784187531216	0.31941074081459525	0.34225267730561854	0.22547926270706903	0.3509076110432917	0.3053678020162585	0.283333758391783	0.26193521034419104	0.28991201429820757	0.2888318542638789	0.30119089473409943	0.26333693130946034	0.3069448882811309	0.26279272435937906	0.2886567780265745	0.27196468918985567	0.3420120018700238	0.24062371198198973	0.25452562930066075	0.0	0.3648462592177358	0.2670554618976672	0.28028455181174633	0.2230602605723298	0.39503931563714817	0.18805023537462576	0.37390207779873175
TS1F1s_1	0.2976532370676604	0.3095644157910094	0.306517482794173	0.3634963369492886	0.23992036178532236	0.2970417809258961	0.44235216205144035	0.3242624869734963	0.2614300632886433	0.30467993747125216	0.25597442015397814	0.29283296260295116	0.2868294607969889	0.27746513521838784	0.31672861755845294	0.32059728258925835	0.35749503777221003	0.2835783423401726	0.3298639661984348	0.34243142252095266	0.32063457615866664	0.2818379546643209	0.2931627326777323	0.24639311176270842	0.3304666210692792	0.39255403294168423	0.3491020104056776	0.25329477991415256	0.2179387671056007	0.3359318999067191	0.34103987969398203	0.18022856596529677	0.26769810062276017	0.38325071739862865	0.2563399638279073	0.21325586401223298	0.25060916555460805	0.29660008684913025	0.3648462592177358	0.0	0.23408274712805477	0.2302282438688229	0.26042633917976055	0.2899606038764521	0.31173674130875617	0.3565974583551246
TS1F1s_3	0.2318536828083756	0.2520371389191349	0.2352038700566788	0.2660842678295599	0.18105868660594987	0.24245216629058336	0.40251622009249316	0.23541805934688917	0.1925130705831081	0.2704810638185149	0.30146897969757697	0.19022481056953297	0.28707473569630615	0.16845817596061935	0.2364491104295892	0.30776463170139823	0.3032983131490521	0.19856598379236426	0.21452178314914533	0.246433288395256	0.23470449853419464	0.20997865322307277	0.20448373962230365	0.21547932637195596	0.24958110127500346	0.3148396207444176	0.23103588299113942	0.22308892194731153	0.17349358924098435	0.26544178368377175	0.25241062526549823	0.1736769979035191	0.22243840168712842	0.27124854994523656	0.17337771796518736	0.22081074122709704	0.20322283764104151	0.2376772733771281	0.2670554618976672	0.23408274712805477	0.0	0.17634329704650606	0.16738308746856678	0.30168886328478023	0.20406414396010206	0.35455997683317625
TS1F1s_4	0.246945399225246	0.2403792915523543	0.24030744330802245	0.30787323416841694	0.20541146301016444	0.22831316977504273	0.3887559136338027	0.2692074034307526	0.21010248136360318	0.26092198602399524	0.2519120522460264	0.21963307990509337	0.24901312667903086	0.20537100014837043	0.24082576361431096	0.28435760944230165	0.32831059448069344	0.20123678708123222	0.25037102334889805	0.2652452602794527	0.24368964805463253	0.21352662856693985	0.25449682774833765	0.22754954312949888	0.2782176321837169	0.33292408603377344	0.266615665317562	0.220615084788216	0.21489914838002588	0.26164036692991705	0.2686986442619906	0.18090124238247898	0.21675407310043657	0.30665348627006284	0.20202389755417635	0.21486332619006798	0.1773289709579651	0.22376209003822925	0.28028455181174633	0.2302282438688229	0.17634329704650606	0.0	0.20311865219807393	0.3023914438397814	0.22461686058610117	0.3142120788187836
TS1F2s_1	0.1995045694121871	0.22918937966447991	0.23742619859003147	0.25533717887379476	0.20199322188936408	0.21998766548385232	0.38530942479983493	0.19610055350264935	0.21776657537814337	0.24854149498040512	0.2970438960264923	0.18522220033804843	0.26527510296514323	0.14223119373120863	0.21691624364605133	0.2982416791421856	0.28453801849486743	0.20775019047516746	0.2129782951687503	0.23445165635298784	0.23476370758616338	0.2325409648305193	0.1930696572292815	0.24683636648575563	0.22391750810290162	0.3049437956459784	0.23722643937173749	0.2143890311527379	0.1731091476177203	0.2513544251478107	0.23513148090339275	0.20852045769390615	0.22014747173461605	0.24714525240848048	0.18188684173012196	0.23708668037481104	0.18965717144692779	0.23742031094646904	0.2230602605723298	0.26042633917976055	0.16738308746856678	0.20311865219807393	0.0	0.31485778895814365	0.16673585392952545	0.3415011704538498
TS1F2s_2	0.3642531934989349	0.3695394291208504	0.37731556420134993	0.4026952202445924	0.33516169956128966	0.3638223235658278	0.5078305781204304	0.3349947519812801	0.3617114874408898	0.3690614861112325	0.3476939497447453	0.34297174512279616	0.3561712021009116	0.3320351284900573	0.36411957794710265	0.2859491865585269	0.3793401555235123	0.3008577949791807	0.36230339155716396	0.3796106578060008	0.37203232100436434	0.32797057677482944	0.3419874909819911	0.32952264605611875	0.3106541411183531	0.4352957342315761	0.3501640693668394	0.29410026738251877	0.3036265025307535	0.34000891510284087	0.36542639183573977	0.268042537531905	0.2949465435799074	0.42199741997718404	0.3139555934759468	0.29662630462406014	0.29058032622351687	0.30748447712715055	0.39503931563714817	0.2899606038764521	0.30168886328478023	0.3023914438397814	0.31485778895814365	0.0	0.35505896371723106	0.2748221113039467
