	BS0F1s_1	BS0F1s_2	BS0F1s_3	BS0F1s_4	BS0F2s_1	BS0F2s_2	BS0F2s_3	BS0F2s_4	BS1F1s_1	BS1F1s_2	BS1F1s_3	BS1F1s_4	BS1F2s_1	BS1F2s_2	BS1F2s_3	BS1F2s_4	DS0F1s_1	DS0F1s_2	DS0F1s_3	DS0F1s_4	DS0F2s_2	DS0F2s_3	DS0F2s_4	DS1F1s_1	DS1F1s_2	DS1F1s_3	DS1F1s_4	DS1F2s_1	DS1F2s_2	DS1F2s_3	DS1F2s_4	TS0F1s_1	TS0F1s_2	TS0F1s_3	TS0F1s_4	TS0F2s_1	TS0F2s_2	TS0F2s_3	TS0F2s_4	TS1F1s_1	TS1F1s_3	TS1F1s_4	TS1F2s_1	TS1F2s_2	TS1F2s_3	TS1F2s_4
BS0F1s_1	0.0	0.1276600674294119	0.13846119945651067	0.16418412580556183	0.12224544760952052	0.15884853226731616	0.2056459941934171	0.1621994426041922	0.12488342039751354	0.1466062431752757	0.21476429886785758	0.15011511618874854	0.19100477190958484	0.1281710792952698	0.14493053818115678	0.16306489921353054	0.15930881212630038	0.1558407894704263	0.15103205882834161	0.1823387385194417	0.1360563989369297	0.1465389544289947	0.16288854238046874	0.1469153359725237	0.15676099042509836	0.14977494928011104	0.1565619765588852	0.18159972371539718	0.16010805324804592	0.1804999517254061	0.13950774973237753	0.16433484325026296	0.2074438238190375	0.13392841003083855	0.1576442768609068	0.14909454762103486	0.2052222234456046	0.17823643826316377	0.19688710467353673	0.22375989776602204	0.18798926638017427	0.2448354929952933	0.1901297199433125	0.20096525979750027	0.21544322379573902	0.22991281966495464
BS0F1s_2	0.1276600674294119	0.0	0.10475522201473833	0.09853296213865732	0.10350240815683524	0.10562182253753027	0.14694034638048079	0.10671977634850241	0.09588857829239063	0.1740998052294766	0.15612369621968625	0.0920756195253079	0.15503113548202369	0.10790953949284561	0.10459635141732199	0.15697574861298808	0.16882705278281995	0.12309448561720575	0.15179713581533658	0.17892837023929023	0.13197230565574272	0.15788269035527608	0.13375935750168766	0.1583076782754439	0.15873508460114458	0.11393751516511148	0.12437475512638667	0.1928055419664897	0.17498855893792276	0.13613040834148002	0.1067533726065805	0.18053067306392756	0.13921431160703493	0.1414954621868217	0.12768650152043928	0.18671245416426857	0.21277654076965133	0.1570408704716722	0.1780473631703478	0.23941771333280978	0.2000226664195608	0.22597106974174264	0.18209068052496574	0.19346080894388681	0.2131402155043478	0.22138156643183335
BS0F1s_3	0.13846119945651067	0.10475522201473833	0.0	0.10427842649508184	0.11321578697327132	0.11541768914332866	0.17705288506187863	0.11359821724186575	0.10054774529472729	0.17339706513556144	0.18991424915803826	0.10539057234266812	0.1927016321762292	0.1238571610265601	0.11161126158827507	0.1596263971630361	0.15564870608389153	0.10728003843123163	0.12468394087088606	0.1692152938956554	0.12045818976171618	0.14431530651623328	0.11626625501627692	0.15940525957762058	0.15046391380507554	0.11047945021832888	0.13313591253907647	0.1875409715822695	0.13818918983773473	0.12348460109971857	0.11536873921955332	0.16309399120730889	0.16442150240153552	0.1391304875582184	0.10761331102630432	0.18903740868113486	0.20672793605445777	0.17527434175595966	0.20831181725390638	0.23129511080520132	0.21283890168363842	0.2557173681730886	0.18932428443969282	0.2143135585001407	0.22113483136285403	0.23635250256315427
BS0F1s_4	0.16418412580556183	0.09853296213865732	0.10427842649508184	0.0	0.11505726992716869	0.09835828313511304	0.14604248950804408	0.10239558495571283	0.1155834993057137	0.19777838670255948	0.1497877221659982	0.10782755519575497	0.1892053541315596	0.12572354703105956	0.11075031436496473	0.18573305853190467	0.18688001668302864	0.11411770342921947	0.160195078151392	0.18332317356518382	0.13490699751659507	0.16446469798189065	0.10481045176915114	0.16436480458570701	0.1738234750005603	0.11772830870860931	0.12070404185069263	0.206209070259579	0.18757809493387895	0.11686876705592236	0.11616632195332201	0.20223739150123599	0.13356968587650678	0.14363097005159814	0.13014576691221139	0.20857627604879492	0.247852722259543	0.17567682039882068	0.19775053035633258	0.2680445283813702	0.22312902710061835	0.2540212455224733	0.19514921630492207	0.20939241251622648	0.22122745718984219	0.24646414492851254
BS0F2s_1	0.12224544760952052	0.10350240815683524	0.11321578697327132	0.11505726992716869	0.0	0.11133689425286676	0.14949262439178043	0.12200231465059196	0.10161173570265318	0.14273918394939553	0.1613009788192369	0.12246152642264536	0.14979110488401484	0.10931827381890469	0.12312669327115729	0.15819062606488885	0.15519590045731135	0.13070531797335633	0.1531466818595299	0.15699178157655513	0.12557224377748466	0.1533430640684636	0.14100230601628122	0.13172258150413085	0.14537493931200182	0.11462825055768383	0.13135312233229615	0.18118397415988183	0.1665483140090431	0.15063601932452655	0.1148974108814176	0.16401811447917913	0.15155988653707847	0.1345283717298143	0.1372477785450182	0.16723918406338917	0.21206981845348977	0.17364403369514286	0.18730205281813045	0.23330747300118443	0.20313158380973803	0.2391369776734227	0.17521956661265956	0.18286306840898625	0.21108925673378676	0.21695311904004405
BS0F2s_2	0.15884853226731616	0.10562182253753027	0.11541768914332866	0.09835828313511304	0.11133689425286676	0.0	0.143794113139223	0.13171386926347933	0.10810293756426134	0.1784128105697719	0.14226960331319036	0.11729219685462344	0.17317108132251532	0.10099957037334749	0.09918827237978155	0.18781082314618927	0.18800388631052914	0.14862958186801367	0.18363772094926095	0.19260493745154605	0.15620032056538027	0.1652905449778584	0.134941370620987	0.15502099538741518	0.18157509913998143	0.13608552086779463	0.11359847670365564	0.21567236333647866	0.1922067363320005	0.15074903861108516	0.11319541907447006	0.21655382270412987	0.1447000343275333	0.15294476601248266	0.15510791667815368	0.19535626659909217	0.24103802920599854	0.1597297004645711	0.180675463733806	0.2605966615146524	0.212241278898003	0.22899048368809555	0.17196183873477155	0.1802388266971975	0.1936577231352058	0.2333025205881675
BS0F2s_3	0.2056459941934171	0.14694034638048079	0.17705288506187863	0.14604248950804408	0.14949262439178043	0.143794113139223	0.0	0.14928714942441845	0.16262634849764726	0.21420438279334603	0.11964556075729034	0.15140428656181143	0.1777410446973196	0.15472164196564614	0.17007859451250285	0.22667465744528273	0.2440781318736499	0.19372345268258154	0.21873596538315057	0.24295438347727064	0.1995684919811237	0.22756721602265303	0.19326374602286142	0.19773073076880276	0.23415367286738598	0.18008193016148102	0.16669568611909744	0.2644351508621646	0.24605921197675662	0.20485263290913114	0.17139995232947744	0.26110358523063554	0.15215748791698464	0.2121369298934396	0.19410919889724768	0.24364238026436028	0.2576833554640116	0.20889687443151816	0.22140974622350673	0.28447944232246186	0.25402310461585265	0.2608443280355581	0.21152851366737788	0.20139051207605443	0.23791017052842311	0.26550544477875027
BS0F2s_4	0.1621994426041922	0.10671977634850241	0.11359821724186575	0.10239558495571283	0.12200231465059196	0.13171386926347933	0.14928714942441845	0.0	0.1231815569989405	0.2077282154526479	0.16681922824858073	0.09847278275972852	0.16488199659125688	0.14076515942228635	0.13399211615780754	0.17209042190064255	0.17887898414358033	0.10624899219704692	0.1379798321873355	0.18086627692707158	0.11944257959076589	0.17250945183099	0.12771666055702544	0.17973549625797677	0.16796041727620445	0.10826734175481612	0.1459115346987237	0.21312618170382341	0.17099164736501207	0.13236341353859954	0.13863356553522416	0.1756866002456886	0.13537414246654728	0.15607909916879403	0.12147586754589007	0.20763601484202782	0.21593903035322998	0.17620132450402223	0.2066499440828675	0.2424353785499002	0.21086426116711574	0.25738220097052517	0.19103940381141218	0.2134442054604295	0.2222734076289933	0.2373290353766189
BS1F1s_1	0.12488342039751354	0.09588857829239063	0.10054774529472729	0.1155834993057137	0.10161173570265318	0.10810293756426134	0.16262634849764726	0.1231815569989405	0.0	0.15993595279732167	0.16656527938493917	0.09860654898531215	0.15485451208302808	0.08923180104149793	0.09363593422345501	0.1505804360096593	0.1495676032053365	0.12621842237278244	0.14123967275416996	0.16684632089035586	0.12143969550987933	0.12915785929254825	0.12742617270272363	0.14067446374943415	0.14477228023241823	0.10679298310798979	0.11635703084741009	0.1800843648918443	0.15386711634724168	0.14206657389189764	0.10352219634423944	0.17273505525037577	0.16201050671879844	0.12292884441173244	0.11988803167913202	0.16286795820700065	0.2038804231975271	0.14191456043291809	0.1683381187430317	0.2200067963368191	0.19494852154254544	0.21254999197164298	0.16617390727928033	0.18065419606538366	0.18870632937819806	0.21077659474707125
BS1F1s_2	0.1466062431752757	0.1740998052294766	0.17339706513556144	0.19777838670255948	0.14273918394939553	0.1784128105697719	0.21420438279334603	0.2077282154526479	0.15993595279732167	0.0	0.22659302552682153	0.2008637154415008	0.16985451559572678	0.1521645924559182	0.17033316790795588	0.16670288895968619	0.15519562764422237	0.2083900030572457	0.19561576595578165	0.17395334759031453	0.19367729937038924	0.17522412709085008	0.19651081318065325	0.13898952983849386	0.15497296831508353	0.18653466744359115	0.17552544938498238	0.16968350600760057	0.17955008598352376	0.21873157994865036	0.15819225309377943	0.18835628912017188	0.24787712211208587	0.1591244038410206	0.19184979277982459	0.15987978660078192	0.20770955615790018	0.18839452943295304	0.1809836348059784	0.21494704430539918	0.23889885870835784	0.22346789421992652	0.19416192318372844	0.17834215226196656	0.2121018985650467	0.19726503265601178
BS1F1s_3	0.21476429886785758	0.15612369621968625	0.18991424915803826	0.1497877221659982	0.1613009788192369	0.14226960331319036	0.11964556075729034	0.16681922824858073	0.16656527938493917	0.22659302552682153	0.0	0.15306378935338807	0.1972320093399767	0.14490612296388494	0.17039375593024456	0.23791095543347102	0.2564702660300531	0.19348805975672595	0.23202453652972488	0.2432747878874417	0.2004709428478193	0.2340127802212083	0.19350779798112439	0.20372896821733358	0.243095035351275	0.1825489387699795	0.15576623897414513	0.2721271373271997	0.2576854465448066	0.20566448079051233	0.17899066623750157	0.2740420381836557	0.12382831319933674	0.214738051391915	0.206007972942491	0.25453774803219337	0.28023328650924373	0.20028392223580851	0.21340510667123078	0.3081606312639957	0.24531062608583226	0.24517105556641788	0.20692823200466146	0.1978723602949195	0.2287103360209201	0.27889004257688693
BS1F1s_4	0.15011511618874854	0.0920756195253079	0.10539057234266812	0.10782755519575497	0.12246152642264536	0.11729219685462344	0.15140428656181143	0.09847278275972852	0.09860654898531215	0.2008637154415008	0.15306378935338807	0.0	0.17416140433281682	0.11080032819470155	0.1152316222020279	0.16844258755200303	0.1797845291983889	0.12368676884660083	0.13973388946626483	0.1880117900778825	0.13409055036689757	0.16039966626755928	0.13388259577408884	0.17898426411982585	0.16888673431912876	0.11281319219279523	0.12507715667114855	0.20778310371031225	0.16828333264989412	0.1432760411763328	0.12717043008745008	0.17446390738219142	0.12063531767654397	0.15354081157465244	0.10097691007396206	0.19992857992944338	0.21162516962773567	0.14301277057936407	0.18760012143698523	0.23821870984602175	0.17964662064238487	0.22016588713801286	0.16553729150145177	0.18542029070348456	0.20204579857294397	0.22614812179656946
BS1F2s_1	0.19100477190958484	0.15503113548202369	0.1927016321762292	0.1892053541315596	0.14979110488401484	0.17317108132251532	0.1777410446973196	0.16488199659125688	0.15485451208302808	0.16985451559572678	0.1972320093399767	0.17416140433281682	0.0	0.15590449614589405	0.17268444163441152	0.17474583026164262	0.18036904876291293	0.19752329549659006	0.21175660127319407	0.15994049940027869	0.19342323408942627	0.20191941676993638	0.20889219637531548	0.1776774895039962	0.14823217367437133	0.17699105612319335	0.18141354080292468	0.16314043852027027	0.2256065771284259	0.2094696454476824	0.1681490411708286	0.20334296430974969	0.2059450586350741	0.18496208469850145	0.20207508374911942	0.20811564155534037	0.2206313125729113	0.1929445469458533	0.19266432603182643	0.23799684019032102	0.2472612918938067	0.24951308385117843	0.2044816089948767	0.21421582885026172	0.23545582048716715	0.2151673474445102
BS1F2s_2	0.1281710792952698	0.10790953949284561	0.1238571610265601	0.12572354703105956	0.10931827381890469	0.10099957037334749	0.15472164196564614	0.14076515942228635	0.08923180104149793	0.1521645924559182	0.14490612296388494	0.11080032819470155	0.15590449614589405	0.0	0.10061375692926436	0.16652062333357298	0.18222429788920808	0.15127895858786367	0.16929785323401256	0.19147655768620897	0.14912717278871643	0.14790149020465515	0.14031803594035425	0.14638159985730223	0.1707763721635066	0.13025268708195079	0.10900415889600928	0.20555454977340498	0.18289374603613165	0.16847750257448504	0.11544743752414485	0.20127028794822255	0.1654426491063542	0.14057463007816728	0.14488167871350616	0.161514359241097	0.21453826555036704	0.12688710450303625	0.15763719746014787	0.23775863285031953	0.1809927854895773	0.1912289484839208	0.14795308545849692	0.1555548963898809	0.1697861469230257	0.20791912691811662
BS1F2s_3	0.14493053818115678	0.10459635141732199	0.11161126158827507	0.11075031436496473	0.12312669327115729	0.09918827237978155	0.17007859451250285	0.13399211615780754	0.09363593422345501	0.17033316790795588	0.17039375593024456	0.1152316222020279	0.17268444163441152	0.10061375692926436	0.0	0.16638592577085737	0.16943763246850324	0.13839724630531697	0.16773134512598473	0.1754006511168731	0.15242771334910357	0.1232119828764956	0.11629937816004902	0.14335916062649784	0.16410871720865577	0.12426108719983944	0.10142738497120461	0.19123138701616355	0.17617758862731178	0.13844736974065078	0.09465489303717066	0.20372477178469134	0.17973067051370334	0.12241925626731327	0.13820264441653118	0.1722853745574527	0.22932643124363325	0.1394374374257496	0.15105501375012023	0.24022805912328224	0.2090433935534158	0.21176812835754433	0.18591545517255123	0.19419941038932784	0.17943432059026912	0.2101984223614078
BS1F2s_4	0.16306489921353054	0.15697574861298808	0.1596263971630361	0.18573305853190467	0.15819062606488885	0.18781082314618927	0.22667465744528273	0.17209042190064255	0.1505804360096593	0.16670288895968619	0.23791095543347102	0.16844258755200303	0.17474583026164262	0.16652062333357298	0.16638592577085737	0.0	0.15445682468381475	0.1622538047736113	0.1615635470736068	0.1589672229644613	0.16345073821165737	0.15129932955814981	0.17861154814632152	0.17871167302954022	0.14560327776875645	0.16646864279746348	0.17417306892423984	0.1460264013176896	0.15879854864529167	0.1864655844690055	0.1478960674101955	0.17106575606708066	0.2296963500672479	0.15738621862703245	0.16291676630830937	0.17076700748008947	0.16304184924787268	0.17230289732028678	0.17358501628033327	0.1968019038694334	0.21216213763185804	0.21753098578983454	0.19228443564219108	0.2015364536267575	0.21341186888631666	0.17823820618823882
DS0F1s_1	0.15930881212630038	0.16882705278281995	0.15564870608389153	0.18688001668302864	0.15519590045731135	0.18800388631052914	0.2440781318736499	0.17887898414358033	0.1495676032053365	0.15519562764422237	0.2564702660300531	0.1797845291983889	0.18036904876291293	0.18222429788920808	0.16943763246850324	0.15445682468381475	0.0	0.15750036046931667	0.13610376992288709	0.10477224118680473	0.14601188482138217	0.12179502366639032	0.16835460438466965	0.13978319003006917	0.09782688361751396	0.14914985299245023	0.17982267835827423	0.12808947469126103	0.1338034071427653	0.16199066275034846	0.15358738641760505	0.12836809140130961	0.22769818488331237	0.12273896836741213	0.15454113902290878	0.15335038984470484	0.20060702293388694	0.19096887954824107	0.18934768482599654	0.20801203998854517	0.2294959949871414	0.24828746281716993	0.20856757298672812	0.22062300096484364	0.2155782367770283	0.202376197954309
DS0F1s_2	0.1558407894704263	0.12309448561720575	0.10728003843123163	0.11411770342921947	0.13070531797335633	0.14862958186801367	0.19372345268258154	0.10624899219704692	0.12621842237278244	0.2083900030572457	0.19348805975672595	0.12368676884660083	0.19752329549659006	0.15127895858786367	0.13839724630531697	0.1622538047736113	0.15750036046931667	0.0	0.10389845187149098	0.14994619343056453	0.08270649560969504	0.13957901541362627	0.09601333479553402	0.15772478801365236	0.13847440659913965	0.09095339788944237	0.13250733568534057	0.17593153180110999	0.15486134290476913	0.09196044310358874	0.127879372481936	0.1557434898678421	0.15087347071031068	0.12706573658157091	0.11900142616066116	0.20140855871195545	0.22162831957918377	0.1732868779775662	0.2032218043044527	0.24534059107852865	0.20685336344445843	0.25776003730176844	0.2011318934286205	0.22455594475570412	0.22682098826450894	0.24026146744350269
DS0F1s_3	0.15103205882834161	0.15179713581533658	0.12468394087088606	0.160195078151392	0.1531466818595299	0.18363772094926095	0.21873596538315057	0.1379798321873355	0.14123967275416996	0.19561576595578165	0.23202453652972488	0.13973388946626483	0.21175660127319407	0.16929785323401256	0.16773134512598473	0.1615635470736068	0.13610376992288709	0.10389845187149098	0.0	0.1612216743508314	0.10665403968320254	0.13101801970586746	0.1422618845648786	0.17308749890062108	0.13445852774845923	0.1106929672739836	0.16072900870307422	0.17389302806087606	0.1179401519119442	0.13517227550274702	0.14870936246779917	0.11696796797916596	0.18933087602107174	0.13766685188353733	0.10147975283424444	0.18492951759574405	0.18936601810195638	0.17859623013340462	0.21807723072416174	0.2177812344021474	0.19098945939255854	0.2535267703903417	0.1890587929454934	0.2175603804624335	0.22410100112938292	0.22866923418275373
DS0F1s_4	0.1823387385194417	0.17892837023929023	0.1692152938956554	0.18332317356518382	0.15699178157655513	0.19260493745154605	0.24295438347727064	0.18086627692707158	0.16684632089035586	0.17395334759031453	0.2432747878874417	0.1880117900778825	0.15994049940027869	0.19147655768620897	0.1754006511168731	0.1589672229644613	0.10477224118680473	0.14994619343056453	0.1612216743508314	0.0	0.1582561577814378	0.1487772011301721	0.16508040038253932	0.14605726483726816	0.08541964522884514	0.1578408068964686	0.17330197578786988	0.10157499609478635	0.16888181292612597	0.1590020566692605	0.15401846259844346	0.160480111900489	0.2192079241620062	0.1377021138146358	0.17649202035353267	0.18505954554180004	0.22513516592637312	0.2085840734357447	0.19166998208426675	0.2354095369724583	0.24539904693724582	0.2660261310422651	0.22779911617480975	0.2344736490373308	0.23925967373923487	0.21509556926564743
DS0F2s_2	0.1360563989369297	0.13197230565574272	0.12045818976171618	0.13490699751659507	0.12557224377748466	0.15620032056538027	0.1995684919811237	0.11944257959076589	0.12143969550987933	0.19367729937038924	0.2004709428478193	0.13409055036689757	0.19342323408942627	0.14912717278871643	0.15242771334910357	0.16345073821165737	0.14601188482138217	0.08270649560969504	0.10665403968320254	0.1582561577814378	0.0	0.14429962310488348	0.11621296833850386	0.1430788114044547	0.1366193308502288	0.09137497392881921	0.15526225488611242	0.18048100014225746	0.15471140909570388	0.11772133753481855	0.13990397719273592	0.15194481908060423	0.15991803687249725	0.12028296047832786	0.12493137283676267	0.18527527666395158	0.21907233488395503	0.18714887370966768	0.2138856975254383	0.2416426214663007	0.21005664674458147	0.2634213204681266	0.20196337303218398	0.22294002025914203	0.2322871750365221	0.24408498924598085
DS0F2s_3	0.1465389544289947	0.15788269035527608	0.14431530651623328	0.16446469798189065	0.1533430640684636	0.1652905449778584	0.22756721602265303	0.17250945183099	0.12915785929254825	0.17522412709085008	0.2340127802212083	0.16039966626755928	0.20191941676993638	0.14790149020465515	0.1232119828764956	0.15129932955814981	0.12179502366639032	0.13957901541362627	0.13101801970586746	0.1487772011301721	0.14429962310488348	0.0	0.13429621292990898	0.14141655104920092	0.12737610552487716	0.13532077109519766	0.13558837620680783	0.1538833101608596	0.1472310677466425	0.14277907949885182	0.11498556335897865	0.16702902723426266	0.22676455835659004	0.1084838448496006	0.12468665830376129	0.1433237613343157	0.20451354819049872	0.14478548255799575	0.1569307595171157	0.21655149378347247	0.19364660132631256	0.21246939510491955	0.18652369388431464	0.20083972130259223	0.17327164149884738	0.18717947696666248
DS0F2s_4	0.16288854238046874	0.13375935750168766	0.11626625501627692	0.10481045176915114	0.14100230601628122	0.134941370620987	0.19326374602286142	0.12771666055702544	0.12742617270272363	0.19651081318065325	0.19350779798112439	0.13388259577408884	0.20889219637531548	0.14031803594035425	0.11629937816004902	0.17861154814632152	0.16835460438466965	0.09601333479553402	0.1422618845648786	0.16508040038253932	0.11621296833850386	0.13429621292990898	0.0	0.14628600922906593	0.1554228420091767	0.10825008756523094	0.11923354690702125	0.1821672586887048	0.18055741782803697	0.10396670835287188	0.11993225627437105	0.19136927359689962	0.17194308911206999	0.11907729419041121	0.1324872482826823	0.20189473660783283	0.24628192889679848	0.1732223007568908	0.18637462918037914	0.26426860888226916	0.23041875512762722	0.25490908850927363	0.21378285269689662	0.2268470444601656	0.22538635837279433	0.24590303282996712
DS1F1s_1	0.1469153359725237	0.1583076782754439	0.15940525957762058	0.16436480458570701	0.13172258150413085	0.15502099538741518	0.19773073076880276	0.17973549625797677	0.14067446374943415	0.13898952983849386	0.20372896821733358	0.17898426411982585	0.1776774895039962	0.14638159985730223	0.14335916062649784	0.17871167302954022	0.13978319003006917	0.15772478801365236	0.17308749890062108	0.14605726483726816	0.1430788114044547	0.14141655104920092	0.14628600922906593	0.0	0.13952793202916355	0.13909537323653196	0.13788720462416307	0.15750128569891472	0.1830111590667927	0.15820814572967257	0.11980062785444498	0.1982491500513752	0.1986812490799343	0.12201363816598265	0.17621120571892496	0.16835390486790694	0.23619231563615553	0.18636859278904622	0.17157734637782224	0.24217377879699878	0.24465839050472854	0.24012056246826705	0.20744692135977388	0.19458389543473045	0.20371441943200194	0.21662092541085354
DS1F1s_2	0.15676099042509836	0.15873508460114458	0.15046391380507554	0.1738234750005603	0.14537493931200182	0.18157509913998143	0.23415367286738598	0.16796041727620445	0.14477228023241823	0.15497296831508353	0.243095035351275	0.16888673431912876	0.14823217367437133	0.1707763721635066	0.16410871720865577	0.14560327776875645	0.09782688361751396	0.13847440659913965	0.13445852774845923	0.08541964522884514	0.1366193308502288	0.12737610552487716	0.1554228420091767	0.13952793202916355	0.0	0.13609897142116978	0.16135381558881073	0.09936233759335526	0.14242389387926094	0.15342151809567403	0.13951129287819158	0.13542883893122962	0.21593132876549143	0.12382643647920077	0.14734102464240087	0.1619218413368375	0.20251509659392858	0.1772985027283196	0.18118543829860254	0.2159865422716693	0.21756482261055846	0.24694748424282445	0.20101706333282182	0.21417764482751908	0.21859315252751618	0.20247851084041316
DS1F1s_3	0.14977494928011104	0.11393751516511148	0.11047945021832888	0.11772830870860931	0.11462825055768383	0.13608552086779463	0.18008193016148102	0.10826734175481612	0.10679298310798979	0.18653466744359115	0.1825489387699795	0.11281319219279523	0.17699105612319335	0.13025268708195079	0.12426108719983944	0.16646864279746348	0.14914985299245023	0.09095339788944237	0.1106929672739836	0.1578408068964686	0.09137497392881921	0.13532077109519766	0.10825008756523094	0.13909537323653196	0.13609897142116978	0.0	0.12139547795857213	0.18218224254858464	0.1628427236872794	0.10846424505622583	0.11664108906225927	0.1670180062316077	0.14856401237881828	0.1258301791827784	0.11005485856309954	0.18722124715992866	0.22192984510135916	0.16575341009256034	0.19280409711374957	0.24529439924294622	0.20648994056301603	0.2419888584454712	0.18473048409549428	0.20406235963022892	0.21206016297524724	0.22674468165589154
DS1F1s_4	0.1565619765588852	0.12437475512638667	0.13313591253907647	0.12070404185069263	0.13135312233229615	0.11359847670365564	0.16669568611909744	0.1459115346987237	0.11635703084741009	0.17552544938498238	0.15576623897414513	0.12507715667114855	0.18141354080292468	0.10900415889600928	0.10142738497120461	0.17417306892423984	0.17982267835827423	0.13250733568534057	0.16072900870307422	0.17330197578786988	0.15526225488611242	0.13558837620680783	0.11923354690702125	0.13788720462416307	0.16135381558881073	0.12139547795857213	0.0	0.1837564227246499	0.1764532490546839	0.14381281750915012	0.09273427663279415	0.21081877586564193	0.15972398462142717	0.13429971625346274	0.1418070162049711	0.1782042333678318	0.21906078821009473	0.12570325869407442	0.13814259896611214	0.23840518962729204	0.19196639508888547	0.18878037886893695	0.15945709949957448	0.15834698542239395	0.16625314021962137	0.20477684952278785
DS1F2s_1	0.18159972371539718	0.1928055419664897	0.1875409715822695	0.206209070259579	0.18118397415988183	0.21567236333647866	0.2644351508621646	0.21312618170382341	0.1800843648918443	0.16968350600760057	0.2721271373271997	0.20778310371031225	0.16314043852027027	0.20555454977340498	0.19123138701616355	0.1460264013176896	0.12808947469126103	0.17593153180110999	0.17389302806087606	0.10157499609478635	0.18048100014225746	0.1538833101608596	0.1821672586887048	0.15750128569891472	0.09936233759335526	0.18218224254858464	0.1837564227246499	0.0	0.16258843036323778	0.17982324663709956	0.16327634267689856	0.16865236627729246	0.2481156916331753	0.15227799371482567	0.19264944025833472	0.18458453964424226	0.2088357364967958	0.20918370779983214	0.19471605185221563	0.22122219673286908	0.24773290788005095	0.2607672278713966	0.2326364883293906	0.23396624638934296	0.24424308454939142	0.2114042262357905
DS1F2s_2	0.16010805324804592	0.17498855893792276	0.13818918983773473	0.18757809493387895	0.1665483140090431	0.1922067363320005	0.24605921197675662	0.17099164736501207	0.15386711634724168	0.17955008598352376	0.2576854465448066	0.16828333264989412	0.2256065771284259	0.18289374603613165	0.17617758862731178	0.15879854864529167	0.1338034071427653	0.15486134290476913	0.1179401519119442	0.16888181292612597	0.15471140909570388	0.1472310677466425	0.18055741782803697	0.1830111590667927	0.14242389387926094	0.1628427236872794	0.1764532490546839	0.16258843036323778	0.0	0.16812410252061094	0.15110724979192444	0.11918756716905304	0.2224142782937789	0.159525092774057	0.13195076887216967	0.15843702854175792	0.16388340920477748	0.17392961733169923	0.2160828573734697	0.18094291051783887	0.1924684760689484	0.24214593509118895	0.18438142229280238	0.19625243923512534	0.20338473593082776	0.20983280997611872
DS1F2s_3	0.1804999517254061	0.13613040834148002	0.12348460109971857	0.11686876705592236	0.15063601932452655	0.15074903861108516	0.20485263290913114	0.13236341353859954	0.14206657389189764	0.21873157994865036	0.20566448079051233	0.1432760411763328	0.2094696454476824	0.16847750257448504	0.13844736974065078	0.1864655844690055	0.16199066275034846	0.09196044310358874	0.13517227550274702	0.1590020566692605	0.11772133753481855	0.14277907949885182	0.10396670835287188	0.15820814572967257	0.15342151809567403	0.10846424505622583	0.14381281750915012	0.17982324663709956	0.16812410252061094	0.0	0.12700497124978422	0.18723566102251907	0.1630602933024611	0.1291487200452055	0.13958689094240584	0.21416286507501828	0.245583653004262	0.1969283180228408	0.21630941625208955	0.26324317626177396	0.23470616324747917	0.2720852403531377	0.22098686375112395	0.23430507457777233	0.23435170483846293	0.24960141351489254
DS1F2s_4	0.13950774973237753	0.1067533726065805	0.11536873921955332	0.11616632195332201	0.1148974108814176	0.11319541907447006	0.17139995232947744	0.13863356553522416	0.10352219634423944	0.15819225309377943	0.17899066623750157	0.12717043008745008	0.1681490411708286	0.11544743752414485	0.09465489303717066	0.1478960674101955	0.15358738641760505	0.127879372481936	0.14870936246779917	0.15401846259844346	0.13990397719273592	0.11498556335897865	0.11993225627437105	0.11980062785444498	0.13951129287819158	0.11664108906225927	0.09273427663279415	0.16327634267689856	0.15110724979192444	0.12700497124978422	0.0	0.1879544059920724	0.1732068636726364	0.12216393951276766	0.12440277604984168	0.16524909411670805	0.20142146358926363	0.14148503608455798	0.14824122500656745	0.22281293199207583	0.19913107886111522	0.20042718627072126	0.17190167761634242	0.16930945235790276	0.17453846658329575	0.1897695278607056
TS0F1s_1	0.16433484325026296	0.18053067306392756	0.16309399120730889	0.20223739150123599	0.16401811447917913	0.21655382270412987	0.26110358523063554	0.1756866002456886	0.17273505525037577	0.18835628912017188	0.2740420381836557	0.17446390738219142	0.20334296430974969	0.20127028794822255	0.20372477178469134	0.17106575606708066	0.12836809140130961	0.1557434898678421	0.11696796797916596	0.160480111900489	0.15194481908060423	0.16702902723426266	0.19136927359689962	0.1982491500513752	0.13542883893122962	0.1670180062316077	0.21081877586564193	0.16865236627729246	0.11918756716905304	0.18723566102251907	0.1879544059920724	0.0	0.22232703119873687	0.1655728560864328	0.14215274962812924	0.1621607427838292	0.17160566262880253	0.19384262929030124	0.22940202305233293	0.1962159337264933	0.18679708763171962	0.2587404271354171	0.1939130898666141	0.23213454658785024	0.2297334536328256	0.20955667167194308
TS0F1s_2	0.2074438238190375	0.13921431160703493	0.16442150240153552	0.13356968587650678	0.15155988653707847	0.1447000343275333	0.15215748791698464	0.13537414246654728	0.16201050671879844	0.24787712211208587	0.12382831319933674	0.12063531767654397	0.2059450586350741	0.1654426491063542	0.17973067051370334	0.2296963500672479	0.22769818488331237	0.15087347071031068	0.18933087602107174	0.2192079241620062	0.15991803687249725	0.22676455835659004	0.17194308911206999	0.1986812490799343	0.21593132876549143	0.14856401237881828	0.15972398462142717	0.2481156916331753	0.2224142782937789	0.1630602933024611	0.1732068636726364	0.22232703119873687	0.0	0.19879787444306912	0.16650917365577134	0.25683784223352946	0.26657195093595737	0.2025101908718199	0.23218386708266295	0.29893523988960613	0.2262790666196276	0.26853331248473356	0.20820323831967721	0.21763698474161075	0.24834847246629874	0.27969673744639045
TS0F1s_3	0.13392841003083855	0.1414954621868217	0.1391304875582184	0.14363097005159814	0.1345283717298143	0.15294476601248266	0.2121369298934396	0.15607909916879403	0.12292884441173244	0.1591244038410206	0.214738051391915	0.15354081157465244	0.18496208469850145	0.14057463007816728	0.12241925626731327	0.15738621862703245	0.12273896836741213	0.12706573658157091	0.13766685188353733	0.1377021138146358	0.12028296047832786	0.1084838448496006	0.11907729419041121	0.12201363816598265	0.12382643647920077	0.1258301791827784	0.13429971625346274	0.15227799371482567	0.159525092774057	0.1291487200452055	0.12216393951276766	0.1655728560864328	0.19879787444306912	0.0	0.13989398795365057	0.14973600815013857	0.21867691739029274	0.16369135442455024	0.16556018775327183	0.23021700326199843	0.20890697111701012	0.23036900450557588	0.19476152420096243	0.2038402974477784	0.19432692925907638	0.20926063361818284
TS0F1s_4	0.1576442768609068	0.12768650152043928	0.10761331102630432	0.13014576691221139	0.1372477785450182	0.15510791667815368	0.19410919889724768	0.12147586754589007	0.11988803167913202	0.19184979277982459	0.206007972942491	0.10097691007396206	0.20207508374911942	0.14488167871350616	0.13820264441653118	0.16291676630830937	0.15454113902290878	0.11900142616066116	0.10147975283424444	0.17649202035353267	0.12493137283676267	0.12468665830376129	0.1324872482826823	0.17621120571892496	0.14734102464240087	0.11005485856309954	0.1418070162049711	0.19264944025833472	0.13195076887216967	0.13958689094240584	0.12440277604984168	0.14215274962812924	0.16650917365577134	0.13989398795365057	0.0	0.1787244629984183	0.18654670124995018	0.14839226540776668	0.19337368155127702	0.21487732983141034	0.17733473555411058	0.21869114279991012	0.16808688894523394	0.19277923376977654	0.19834741478145423	0.2053103757345299
TS0F2s_1	0.14909454762103486	0.18671245416426857	0.18903740868113486	0.20857627604879492	0.16723918406338917	0.19535626659909217	0.24364238026436028	0.20763601484202782	0.16286795820700065	0.15987978660078192	0.25453774803219337	0.19992857992944338	0.20811564155534037	0.161514359241097	0.1722853745574527	0.17076700748008947	0.15335038984470484	0.20140855871195545	0.18492951759574405	0.18505954554180004	0.18527527666395158	0.1433237613343157	0.20189473660783283	0.16835390486790694	0.1619218413368375	0.18722124715992866	0.1782042333678318	0.18458453964424226	0.15843702854175792	0.21416286507501828	0.16524909411670805	0.1621607427838292	0.25683784223352946	0.14973600815013857	0.1787244629984183	0.0	0.164406343165269	0.14007543228597555	0.1534652229530326	0.1776043382535523	0.1555666157611235	0.17655882211569768	0.1535037101278642	0.161060309633372	0.15235196799782583	0.1450419060488202
TS0F2s_2	0.2052222234456046	0.21277654076965133	0.20672793605445777	0.247852722259543	0.21206981845348977	0.24103802920599854	0.2576833554640116	0.21593903035322998	0.2038804231975271	0.20770955615790018	0.28023328650924373	0.21162516962773567	0.2206313125729113	0.21453826555036704	0.22932643124363325	0.16304184924787268	0.20060702293388694	0.22162831957918377	0.18936601810195638	0.22513516592637312	0.21907233488395503	0.20451354819049872	0.24628192889679848	0.23619231563615553	0.20251509659392858	0.22192984510135916	0.21906078821009473	0.2088357364967958	0.16388340920477748	0.245583653004262	0.20142146358926363	0.17160566262880253	0.26657195093595737	0.21867691739029274	0.18654670124995018	0.164406343165269	0.0	0.1831797110670564	0.22071115114327405	0.1014842404499734	0.18770271901541344	0.20540316185317076	0.17874742773293945	0.19528354044542706	0.2084967366331502	0.1765232373208629
TS0F2s_3	0.17823643826316377	0.1570408704716722	0.17527434175595966	0.17567682039882068	0.17364403369514286	0.1597297004645711	0.20889687443151816	0.17620132450402223	0.14191456043291809	0.18839452943295304	0.20028392223580851	0.14301277057936407	0.1929445469458533	0.12688710450303625	0.1394374374257496	0.17230289732028678	0.19096887954824107	0.1732868779775662	0.17859623013340462	0.2085840734357447	0.18714887370966768	0.14478548255799575	0.1732223007568908	0.18636859278904622	0.1772985027283196	0.16575341009256034	0.12570325869407442	0.20918370779983214	0.17392961733169923	0.1969283180228408	0.14148503608455798	0.19384262929030124	0.2025101908718199	0.16369135442455024	0.14839226540776668	0.14007543228597555	0.1831797110670564	0.0	0.11156741214659148	0.21103372607683626	0.1334648340197714	0.12842863100832638	0.11625415800711644	0.12981163204133783	0.11480254204468464	0.1509914488366684
TS0F2s_4	0.19688710467353673	0.1780473631703478	0.20831181725390638	0.19775053035633258	0.18730205281813045	0.180675463733806	0.22140974622350673	0.2066499440828675	0.1683381187430317	0.1809836348059784	0.21340510667123078	0.18760012143698523	0.19266432603182643	0.15763719746014787	0.15105501375012023	0.17358501628033327	0.18934768482599654	0.2032218043044527	0.21807723072416174	0.19166998208426675	0.2138856975254383	0.1569307595171157	0.18637462918037914	0.17157734637782224	0.18118543829860254	0.19280409711374957	0.13814259896611214	0.19471605185221563	0.2160828573734697	0.21630941625208955	0.14824122500656745	0.22940202305233293	0.23218386708266295	0.16556018775327183	0.19337368155127702	0.1534652229530326	0.22071115114327405	0.11156741214659148	0.0	0.2324712515351986	0.19678851504910294	0.13674406176030643	0.16728276302382936	0.14158427568602738	0.13636655340066595	0.1420642755585384
TS1F1s_1	0.22375989776602204	0.23941771333280978	0.23129511080520132	0.2680445283813702	0.23330747300118443	0.2605966615146524	0.28447944232246186	0.2424353785499002	0.2200067963368191	0.21494704430539918	0.3081606312639957	0.23821870984602175	0.23799684019032102	0.23775863285031953	0.24022805912328224	0.1968019038694334	0.20801203998854517	0.24534059107852865	0.2177812344021474	0.2354095369724583	0.2416426214663007	0.21655149378347247	0.26426860888226916	0.24217377879699878	0.2159865422716693	0.24529439924294622	0.23840518962729204	0.22122219673286908	0.18094291051783887	0.26324317626177396	0.22281293199207583	0.1962159337264933	0.29893523988960613	0.23021700326199843	0.21487732983141034	0.1776043382535523	0.1014842404499734	0.21103372607683626	0.2324712515351986	0.0	0.23634862917215055	0.23345920000593975	0.21646032085595082	0.22088941933891518	0.23090104484169088	0.2087133362709161
TS1F1s_3	0.18798926638017427	0.2000226664195608	0.21283890168363842	0.22312902710061835	0.20313158380973803	0.212241278898003	0.25402310461585265	0.21086426116711574	0.19494852154254544	0.23889885870835784	0.24531062608583226	0.17964662064238487	0.2472612918938067	0.1809927854895773	0.2090433935534158	0.21216213763185804	0.2294959949871414	0.20685336344445843	0.19098945939255854	0.24539904693724582	0.21005664674458147	0.19364660132631256	0.23041875512762722	0.24465839050472854	0.21756482261055846	0.20648994056301603	0.19196639508888547	0.24773290788005095	0.1924684760689484	0.23470616324747917	0.19913107886111522	0.18679708763171962	0.2262790666196276	0.20890697111701012	0.17733473555411058	0.1555666157611235	0.18770271901541344	0.1334648340197714	0.19678851504910294	0.23634862917215055	0.0	0.1684687786817109	0.12193974730849856	0.1660735733414991	0.14599028702402364	0.16261991032279835
TS1F1s_4	0.2448354929952933	0.22597106974174264	0.2557173681730886	0.2540212455224733	0.2391369776734227	0.22899048368809555	0.2608443280355581	0.25738220097052517	0.21254999197164298	0.22346789421992652	0.24517105556641788	0.22016588713801286	0.24951308385117843	0.1912289484839208	0.21176812835754433	0.21753098578983454	0.24828746281716993	0.25776003730176844	0.2535267703903417	0.2660261310422651	0.2634213204681266	0.21246939510491955	0.25490908850927363	0.24012056246826705	0.24694748424282445	0.2419888584454712	0.18878037886893695	0.2607672278713966	0.24214593509118895	0.2720852403531377	0.20042718627072126	0.2587404271354171	0.26853331248473356	0.23036900450557588	0.21869114279991012	0.17655882211569768	0.20540316185317076	0.12842863100832638	0.13674406176030643	0.23345920000593975	0.1684687786817109	0.0	0.14348996436131906	0.13145856892527152	0.11501066024108121	0.13098860218272482
TS1F2s_1	0.1901297199433125	0.18209068052496574	0.18932428443969282	0.19514921630492207	0.17521956661265956	0.17196183873477155	0.21152851366737788	0.19103940381141218	0.16617390727928033	0.19416192318372844	0.20692823200466146	0.16553729150145177	0.2044816089948767	0.14795308545849692	0.18591545517255123	0.19228443564219108	0.20856757298672812	0.2011318934286205	0.1890587929454934	0.22779911617480975	0.20196337303218398	0.18652369388431464	0.21378285269689662	0.20744692135977388	0.20101706333282182	0.18473048409549428	0.15945709949957448	0.2326364883293906	0.18438142229280238	0.22098686375112395	0.17190167761634242	0.1939130898666141	0.20820323831967721	0.19476152420096243	0.16808688894523394	0.1535037101278642	0.17874742773293945	0.11625415800711644	0.16728276302382936	0.21646032085595082	0.12193974730849856	0.14348996436131906	0.0	0.12236775791965003	0.11027393957288087	0.14965908581974668
